>CCCTGCGTGTCA	15-CCCTGCGTGTCA,BestGuess:Arnt:Ahr(bHLH)/MCF7-Arnt-ChIP-Seq(Lo_et_al.)/Homer(0.644)	11.147302	-48.000015	0	T:26.0(0.14%),B:3.8(0.01%),P:1e-20
0.066	0.849	0.018	0.067
0.016	0.918	0.033	0.033
0.045	0.921	0.001	0.033
0.076	0.001	0.033	0.890
0.033	0.111	0.807	0.049
0.082	0.781	0.061	0.076
0.109	0.188	0.627	0.076
0.033	0.016	0.066	0.885
0.016	0.066	0.884	0.034
0.093	0.078	0.049	0.780
0.033	0.933	0.001	0.033
0.748	0.143	0.033	0.076
