>CACCAGTACGGC	14-GCCGTACTGGTG	11.267851	-48.821393	0	T:23.0(0.12%),B:2.8(0.01%),P:1e-21
0.018	0.980	0.001	0.001
0.884	0.058	0.001	0.057
0.114	0.810	0.019	0.057
0.039	0.959	0.001	0.001
0.884	0.019	0.038	0.059
0.019	0.057	0.905	0.019
0.057	0.116	0.057	0.770
0.705	0.057	0.219	0.019
0.148	0.681	0.095	0.076
0.057	0.057	0.735	0.151
0.040	0.076	0.827	0.057
0.040	0.882	0.040	0.038
