>AAARATGAVTCA	3-AAARATGAVTCA	8.968607	-85.285096	0	T:494.0(2.62%),B:443.6(1.40%),P:1e-37
0.405	0.161	0.215	0.219
0.595	0.158	0.215	0.032
0.657	0.011	0.197	0.135
0.336	0.239	0.412	0.013
0.816	0.033	0.122	0.029
0.033	0.002	0.038	0.927
0.033	0.028	0.921	0.018
0.941	0.023	0.016	0.020
0.260	0.405	0.323	0.011
0.213	0.032	0.008	0.747
0.142	0.634	0.124	0.100
0.945	0.021	0.001	0.033
