>TGACACGCAGGG	15-CCCTGCGTGTCA	11.147302	-48.000015	0	T:26.0(0.14%),B:3.8(0.01%),P:1e-20
0.076	0.033	0.143	0.748
0.033	0.001	0.933	0.033
0.780	0.049	0.078	0.093
0.034	0.884	0.066	0.016
0.885	0.066	0.016	0.033
0.076	0.627	0.188	0.109
0.076	0.061	0.781	0.082
0.049	0.807	0.111	0.033
0.890	0.033	0.001	0.076
0.033	0.001	0.921	0.045
0.033	0.033	0.918	0.016
0.067	0.018	0.849	0.066
