>GACCTACCCATC	25-GACCTACCCATC,BestGuess:RORA(var.2)/MA0072.1/Jaspar(0.615)	8.111691	-22.110311	0	T:21.0(0.11%),B:6.5(0.02%),P:1e-9
0.218	0.187	0.544	0.051
0.596	0.144	0.134	0.126
0.137	0.574	0.117	0.172
0.179	0.644	0.001	0.176
0.178	0.177	0.001	0.644
0.531	0.118	0.159	0.192
0.144	0.531	0.200	0.125
0.194	0.558	0.031	0.217
0.190	0.608	0.040	0.162
0.654	0.127	0.037	0.182
0.148	0.137	0.157	0.558
0.184	0.454	0.206	0.156
