>TGATTGTGCAAT	12-TGATTGTGCAAT	9.257247	-49.811568	0	T:281.0(1.49%),B:251.8(0.79%),P:1e-21
0.077	0.001	0.039	0.883
0.113	0.095	0.716	0.076
0.789	0.091	0.046	0.074
0.060	0.048	0.052	0.840
0.055	0.001	0.071	0.873
0.096	0.116	0.728	0.060
0.098	0.001	0.020	0.881
0.077	0.041	0.861	0.021
0.084	0.822	0.001	0.093
0.937	0.055	0.001	0.007
0.879	0.034	0.014	0.073
0.078	0.080	0.055	0.787
