>AAACAGACCAGA	20-AAACAGACCAGA,BestGuess:Hand2(bHLH)/Mesoderm-Hand2-ChIP-Seq(GSE61475)/Homer(0.737)	8.608074	-43.058419	0	T:892.0(4.73%),B:1104.2(3.48%),P:1e-18
0.863	0.056	0.057	0.024
0.721	0.188	0.047	0.044
0.891	0.028	0.053	0.028
0.142	0.584	0.239	0.035
0.944	0.001	0.001	0.054
0.313	0.066	0.573	0.048
0.771	0.079	0.069	0.081
0.264	0.602	0.104	0.030
0.066	0.910	0.001	0.023
0.940	0.001	0.001	0.058
0.115	0.037	0.818	0.030
0.807	0.024	0.093	0.076
