>ATCAGCCGCTTG	22-CAAGCGGCTGAT	11.284384	-40.052809	0	T:20.0(0.11%),B:2.6(0.01%),P:1e-17
0.847	0.050	0.069	0.034
0.050	0.050	0.052	0.848
0.017	0.837	0.112	0.034
0.855	0.016	0.001	0.128
0.034	0.034	0.898	0.034
0.050	0.899	0.034	0.017
0.112	0.635	0.067	0.186
0.119	0.071	0.724	0.086
0.034	0.898	0.034	0.034
0.069	0.084	0.050	0.797
0.001	0.033	0.033	0.933
0.034	0.067	0.849	0.050
