>GGCCCTGKCWGG	16-GGCCCTGKCWGG,BestGuess:ZNF416(Zf)/HEK293-ZNF416.GFP-ChIP-Seq(GSE58341)/Homer(0.690)	7.113011	-47.692794	0	T:1237.0(6.56%),B:1587.0(4.99%),P:1e-20
0.144	0.015	0.537	0.304
0.080	0.173	0.538	0.209
0.054	0.607	0.223	0.116
0.179	0.565	0.027	0.229
0.122	0.660	0.058	0.160
0.373	0.031	0.047	0.549
0.047	0.131	0.721	0.101
0.105	0.198	0.372	0.325
0.072	0.580	0.280	0.068
0.509	0.056	0.035	0.400
0.068	0.003	0.717	0.212
0.151	0.218	0.494	0.136
