>GATGGGTAGGTC	25-GACCTACCCATC	8.111691	-22.110311	0	T:21.0(0.11%),B:6.5(0.02%),P:1e-9
0.156	0.206	0.454	0.184
0.558	0.157	0.137	0.148
0.182	0.037	0.127	0.654
0.162	0.040	0.608	0.190
0.217	0.031	0.558	0.194
0.125	0.200	0.531	0.144
0.192	0.159	0.118	0.531
0.644	0.001	0.177	0.178
0.176	0.001	0.644	0.179
0.172	0.117	0.574	0.137
0.126	0.134	0.144	0.596
0.051	0.544	0.187	0.218
