>GACAGTCTCCGT	24-ACGGAGACTGTC	9.389438	-26.448644	0	T:15.0(0.08%),B:2.4(0.01%),P:1e-11
0.110	0.137	0.653	0.100
0.686	0.115	0.107	0.092
0.119	0.680	0.120	0.081
0.758	0.060	0.058	0.124
0.091	0.110	0.691	0.108
0.098	0.105	0.113	0.684
0.090	0.676	0.120	0.114
0.116	0.111	0.055	0.718
0.091	0.684	0.113	0.112
0.172	0.563	0.088	0.177
0.154	0.155	0.523	0.168
0.102	0.111	0.106	0.681
