>ATGGACAGCCTA	19-TAGGCTGTCCAT	10.661658	-45.314467	0	T:25.0(0.13%),B:3.0(0.01%),P:1e-19
0.792	0.082	0.067	0.059
0.076	0.026	0.042	0.856
0.034	0.008	0.916	0.042
0.059	0.081	0.793	0.067
0.808	0.090	0.034	0.068
0.089	0.844	0.059	0.008
0.932	0.001	0.016	0.051
0.076	0.099	0.757	0.068
0.034	0.825	0.059	0.082
0.034	0.898	0.025	0.043
0.073	0.135	0.025	0.767
0.821	0.031	0.056	0.092
