>TCTGGTCTGTTT	20-AAACAGACCAGA	8.608074	-43.058419	0	T:892.0(4.73%),B:1104.2(3.48%),P:1e-18
0.076	0.093	0.024	0.807
0.030	0.818	0.037	0.115
0.058	0.001	0.001	0.940
0.023	0.001	0.910	0.066
0.030	0.104	0.602	0.264
0.081	0.069	0.079	0.771
0.048	0.573	0.066	0.313
0.054	0.001	0.001	0.944
0.035	0.239	0.584	0.142
0.028	0.053	0.028	0.891
0.044	0.047	0.188	0.721
0.024	0.057	0.056	0.863
