>GACCGCATTTTA	9-GACCGCATTTTA,BestGuess:MAFF/MA0495.3/Jaspar(0.664)	9.575059	-54.882637	0	T:25.0(0.13%),B:2.3(0.01%),P:1e-23
0.136	0.109	0.642	0.113
0.692	0.100	0.100	0.108
0.124	0.649	0.108	0.119
0.212	0.507	0.084	0.197
0.181	0.143	0.479	0.197
0.109	0.686	0.095	0.110
0.752	0.093	0.047	0.108
0.084	0.091	0.098	0.727
0.072	0.091	0.087	0.750
0.077	0.094	0.076	0.753
0.093	0.115	0.100	0.692
0.670	0.112	0.095	0.123
