>TAAAATGCGGTC	9-GACCGCATTTTA	9.575059	-54.882637	0	T:25.0(0.13%),B:2.3(0.01%),P:1e-23
0.123	0.095	0.112	0.670
0.692	0.100	0.115	0.093
0.753	0.076	0.094	0.077
0.750	0.087	0.091	0.072
0.727	0.098	0.091	0.084
0.108	0.047	0.093	0.752
0.110	0.095	0.686	0.109
0.197	0.479	0.143	0.181
0.197	0.084	0.507	0.212
0.119	0.108	0.649	0.124
0.108	0.100	0.100	0.692
0.113	0.642	0.109	0.136
