>CCWGMCAGGGCC	16-GGCCCTGKCWGG	7.113011	-47.692794	0	T:1237.0(6.56%),B:1587.0(4.99%),P:1e-20
0.136	0.494	0.218	0.151
0.212	0.717	0.003	0.068
0.400	0.035	0.056	0.509
0.068	0.280	0.580	0.072
0.325	0.372	0.198	0.105
0.101	0.721	0.131	0.047
0.549	0.047	0.031	0.373
0.160	0.058	0.660	0.122
0.229	0.027	0.565	0.179
0.116	0.223	0.607	0.054
0.209	0.538	0.173	0.080
0.304	0.537	0.015	0.144
