>GTKTCASTTCCT	6-GTKTCASTTCCT	10.106407	-62.717723	0	T:74.0(0.39%),B:25.7(0.08%),P:1e-27
0.042	0.254	0.624	0.080
0.058	0.063	0.041	0.838
0.098	0.115	0.323	0.464
0.051	0.057	0.206	0.686
0.058	0.814	0.061	0.067
0.578	0.179	0.018	0.225
0.092	0.400	0.284	0.224
0.178	0.176	0.036	0.610
0.173	0.047	0.049	0.731
0.173	0.690	0.072	0.065
0.077	0.868	0.021	0.034
0.266	0.064	0.065	0.605
