>AGGGGAAGTCCC	4-AGGGGAAGTCCC	8.486768	-77.116177	0	T:542.0(2.88%),B:519.4(1.63%),P:1e-33
0.675	0.022	0.083	0.220
0.121	0.004	0.829	0.046
0.167	0.004	0.783	0.046
0.124	0.017	0.834	0.025
0.163	0.108	0.719	0.010
0.876	0.076	0.047	0.001
0.803	0.003	0.134	0.060
0.085	0.118	0.730	0.067
0.104	0.133	0.150	0.613
0.091	0.649	0.155	0.105
0.185	0.710	0.003	0.102
0.230	0.641	0.005	0.124
