>ACGGAGACTGTC	24-ACGGAGACTGTC,BestGuess:IRF6/MA1509.1/Jaspar(0.596)	9.389438	-26.448644	0	T:15.0(0.08%),B:2.4(0.01%),P:1e-11
0.681	0.106	0.111	0.102
0.168	0.523	0.155	0.154
0.177	0.088	0.563	0.172
0.112	0.113	0.684	0.091
0.718	0.055	0.111	0.116
0.114	0.120	0.676	0.090
0.684	0.113	0.105	0.098
0.108	0.691	0.110	0.091
0.124	0.058	0.060	0.758
0.081	0.120	0.680	0.119
0.092	0.107	0.115	0.686
0.100	0.653	0.137	0.110
