>AAGAGGAAST	1-AAGAGGAAST	7.027658	-289.104176	0	T:3263.0(17.31%),B:3627.6(11.42%),P:1e-125	Tpos:98.7,Tstd:55.0,Bpos:99.1,Bstd:59.5,StrandBias:0.1,Multiplicity:1.13
0.555	0.085	0.162	0.198
0.425	0.109	0.198	0.268
0.254	0.219	0.486	0.042
0.538	0.025	0.378	0.059
0.104	0.016	0.867	0.013
0.001	0.001	0.997	0.001
0.951	0.001	0.032	0.016
0.933	0.015	0.001	0.051
0.196	0.369	0.399	0.037
0.109	0.270	0.085	0.536
>ATGASTCABY	2-ATGASTCABY	7.439082	-129.506155	0	T:1211.0(6.42%),B:1262.7(3.97%),P:1e-56	Tpos:100.5,Tstd:54.9,Bpos:100.1,Bstd:61.2,StrandBias:-0.0,Multiplicity:1.06
0.449	0.255	0.258	0.038
0.001	0.002	0.001	0.996
0.071	0.001	0.919	0.009
0.997	0.001	0.001	0.001
0.155	0.369	0.315	0.161
0.138	0.001	0.001	0.860
0.235	0.707	0.057	0.001
0.874	0.086	0.001	0.039
0.118	0.280	0.259	0.343
0.173	0.323	0.105	0.399
>TTGCVYAATC	3-TTGCVYAATC	6.586621	-79.941000	0	T:2650.0(14.06%),B:3534.3(11.12%),P:1e-34	Tpos:100.2,Tstd:54.7,Bpos:102.2,Bstd:56.6,StrandBias:0.0,Multiplicity:1.10
0.001	0.001	0.001	0.997
0.001	0.001	0.054	0.944
0.229	0.114	0.488	0.169
0.225	0.438	0.065	0.272
0.358	0.213	0.347	0.081
0.144	0.361	0.017	0.478
0.846	0.152	0.001	0.001
0.924	0.074	0.001	0.001
0.034	0.052	0.030	0.884
0.151	0.496	0.187	0.166
>CATAGGCCGT	4-CATAGGCCGT	10.109916	-53.482548	0	T:28.0(0.15%),B:3.7(0.01%),P:1e-23	Tpos:93.1,Tstd:50.1,Bpos:74.3,Bstd:60.8,StrandBias:0.4,Multiplicity:1.08
0.092	0.815	0.001	0.092
0.815	0.092	0.092	0.001
0.001	0.001	0.001	0.997
0.997	0.001	0.001	0.001
0.242	0.092	0.665	0.001
0.002	0.001	0.996	0.001
0.001	0.812	0.186	0.001
0.001	0.907	0.091	0.001
0.001	0.001	0.800	0.198
0.091	0.001	0.001	0.907
>ACTTCCTGTG	5-ACTTCCTGTG	9.437824	-39.813413	0	T:333.0(1.77%),B:338.5(1.07%),P:1e-17	Tpos:100.2,Tstd:56.3,Bpos:97.4,Bstd:61.3,StrandBias:-0.3,Multiplicity:1.03
0.623	0.266	0.075	0.036
0.001	0.867	0.066	0.066
0.001	0.032	0.001	0.966
0.041	0.001	0.050	0.908
0.001	0.924	0.074	0.001
0.048	0.941	0.010	0.001
0.025	0.001	0.028	0.946
0.001	0.001	0.965	0.033
0.001	0.001	0.034	0.964
0.001	0.001	0.997	0.001
>GCCCAACGGA	6-GCCCAACGGA	10.208947	-37.498554	0	T:22.0(0.12%),B:3.6(0.01%),P:1e-16	Tpos:100.7,Tstd:55.5,Bpos:117.1,Bstd:34.2,StrandBias:0.4,Multiplicity:1.00
0.001	0.001	0.997	0.001
0.112	0.775	0.001	0.112
0.409	0.589	0.001	0.001
0.001	0.886	0.001	0.112
0.997	0.001	0.001	0.001
0.886	0.112	0.001	0.001
0.001	0.997	0.001	0.001
0.139	0.001	0.859	0.001
0.001	0.001	0.589	0.409
0.997	0.001	0.001	0.001
>CCTATGTGAT	7-CCTATGTGAT	10.260351	-36.291997	0	T:15.0(0.08%),B:1.2(0.00%),P:1e-15	Tpos:99.2,Tstd:51.7,Bpos:8.0,Bstd:0.0,StrandBias:0.4,Multiplicity:1.00
0.001	0.997	0.001	0.001
0.001	0.997	0.001	0.001
0.001	0.001	0.001	0.997
0.997	0.001	0.001	0.001
0.001	0.028	0.001	0.970
0.001	0.001	0.997	0.001
0.001	0.001	0.001	0.997
0.001	0.001	0.997	0.001
0.997	0.001	0.001	0.001
0.001	0.001	0.001	0.997
>CAAAGTCGAT	8-CAAAGTCGAT	10.279962	-34.419830	0	T:31.0(0.16%),B:8.8(0.03%),P:1e-14	Tpos:94.0,Tstd:54.0,Bpos:101.9,Bstd:55.6,StrandBias:0.6,Multiplicity:1.00
0.001	0.913	0.085	0.001
0.913	0.001	0.001	0.085
0.997	0.001	0.001	0.001
0.913	0.001	0.001	0.085
0.001	0.028	0.970	0.001
0.001	0.406	0.001	0.592
0.001	0.997	0.001	0.001
0.001	0.001	0.894	0.104
0.771	0.227	0.001	0.001
0.001	0.001	0.001	0.997
>ACCGCATGGG	9-ACCGCATGGG	10.238233	-33.679142	0	T:25.0(0.13%),B:5.1(0.02%),P:1e-14	Tpos:89.8,Tstd:45.8,Bpos:51.5,Bstd:36.2,StrandBias:0.0,Multiplicity:1.00
0.997	0.001	0.001	0.001
0.001	0.997	0.001	0.001
0.001	0.838	0.160	0.001
0.269	0.001	0.729	0.001
0.001	0.997	0.001	0.001
0.838	0.001	0.001	0.160
0.001	0.160	0.001	0.838
0.160	0.160	0.679	0.001
0.001	0.251	0.747	0.001
0.001	0.001	0.997	0.001
>AGGCCAGGCC	10-AGGCCAGGCC	5.017854	-31.608442	0	T:4177.0(22.16%),B:6331.8(19.93%),P:1e-13	Tpos:98.5,Tstd:55.0,Bpos:101.0,Bstd:61.2,StrandBias:0.0,Multiplicity:1.36
0.683	0.072	0.136	0.109
0.115	0.071	0.719	0.095
0.118	0.129	0.657	0.096
0.096	0.699	0.111	0.094
0.104	0.714	0.077	0.105
0.716	0.074	0.075	0.135
0.094	0.081	0.697	0.128
0.087	0.098	0.733	0.082
0.089	0.689	0.102	0.120
0.102	0.694	0.075	0.129
>ATGGTAGTTG	11-ATGGTAGTTG	11.403288	-31.565008	0	T:40.0(0.21%),B:15.3(0.05%),P:1e-13	Tpos:97.6,Tstd:45.6,Bpos:103.3,Bstd:53.7,StrandBias:0.1,Multiplicity:1.00
0.656	0.119	0.001	0.224
0.001	0.001	0.137	0.861
0.001	0.001	0.997	0.001
0.001	0.001	0.997	0.001
0.001	0.001	0.001	0.997
0.984	0.014	0.001	0.001
0.001	0.001	0.997	0.001
0.001	0.001	0.001	0.997
0.001	0.014	0.001	0.984
0.001	0.001	0.997	0.001
>ACCAGGTGAT	12-ACCAGGTGAT	10.296193	-29.055592	0	T:16.0(0.08%),B:2.9(0.01%),P:1e-12	Tpos:102.5,Tstd:57.3,Bpos:62.3,Bstd:56.5,StrandBias:-0.2,Multiplicity:1.00
0.700	0.100	0.100	0.100
0.100	0.700	0.100	0.100
0.100	0.700	0.100	0.100
0.700	0.100	0.100	0.100
0.100	0.100	0.700	0.100
0.100	0.100	0.700	0.100
0.100	0.100	0.100	0.700
0.100	0.100	0.700	0.100
0.700	0.100	0.100	0.100
0.100	0.100	0.100	0.700
>GGGCAAGGTT	13-GGGCAAGGTT	11.204813	-29.055592	0	T:16.0(0.08%),B:2.7(0.01%),P:1e-12	Tpos:91.2,Tstd:56.1,Bpos:160.0,Bstd:33.7,StrandBias:0.0,Multiplicity:1.00
0.001	0.001	0.997	0.001
0.001	0.001	0.997	0.001
0.001	0.001	0.997	0.001
0.001	0.997	0.001	0.001
0.926	0.001	0.072	0.001
0.997	0.001	0.001	0.001
0.001	0.001	0.997	0.001
0.001	0.001	0.997	0.001
0.001	0.001	0.001	0.997
0.001	0.001	0.001	0.997
>GCAAAGACTG	14-GCAAAGACTG	10.296193	-27.388782	0	T:22.0(0.12%),B:5.3(0.02%),P:1e-11	Tpos:89.9,Tstd:47.9,Bpos:102.0,Bstd:63.3,StrandBias:-0.7,Multiplicity:1.00
0.100	0.100	0.700	0.100
0.100	0.700	0.100	0.100
0.700	0.100	0.100	0.100
0.700	0.100	0.100	0.100
0.700	0.100	0.100	0.100
0.100	0.100	0.700	0.100
0.700	0.100	0.100	0.100
0.100	0.700	0.100	0.100
0.100	0.100	0.100	0.700
0.100	0.100	0.700	0.100
>GCCTGGCCTC	15-GCCTGGCCTC	6.482584	-26.334042	0	T:543.0(2.88%),B:674.5(2.12%),P:1e-11	Tpos:91.0,Tstd:57.3,Bpos:93.2,Bstd:61.7,StrandBias:-0.5,Multiplicity:1.00
0.197	0.124	0.584	0.095
0.123	0.467	0.204	0.206
0.143	0.536	0.149	0.172
0.155	0.098	0.094	0.653
0.205	0.122	0.595	0.078
0.215	0.119	0.517	0.149
0.125	0.473	0.160	0.243
0.155	0.579	0.098	0.168
0.282	0.142	0.107	0.469
0.041	0.901	0.003	0.055
>AGCAAGTCTA	16-AGCAAGTCTA	12.003321	-26.258706	0	T:31.0(0.16%),B:11.7(0.04%),P:1e-11	Tpos:88.6,Tstd:61.3,Bpos:125.1,Bstd:70.8,StrandBias:-0.5,Multiplicity:1.00
0.997	0.001	0.001	0.001
0.001	0.001	0.997	0.001
0.001	0.838	0.160	0.001
0.997	0.001	0.001	0.001
0.997	0.001	0.001	0.001
0.001	0.001	0.997	0.001
0.001	0.001	0.001	0.997
0.001	0.997	0.001	0.001
0.001	0.001	0.001	0.997
0.997	0.001	0.001	0.001
>TGTGTTACAG	17-TGTGTTACAG	10.296193	-25.377468	0	T:21.0(0.11%),B:5.8(0.02%),P:1e-11	Tpos:116.8,Tstd:45.0,Bpos:91.2,Bstd:59.4,StrandBias:-0.7,Multiplicity:1.00
0.100	0.100	0.100	0.700
0.100	0.100	0.700	0.100
0.100	0.100	0.100	0.700
0.100	0.100	0.700	0.100
0.100	0.100	0.100	0.700
0.100	0.100	0.100	0.700
0.700	0.100	0.100	0.100
0.100	0.700	0.100	0.100
0.700	0.100	0.100	0.100
0.100	0.100	0.700	0.100
>CTGACTAGAG	18-CTGACTAGAG	10.296193	-23.905652	0	T:14.0(0.07%),B:2.9(0.01%),P:1e-10	Tpos:88.7,Tstd:62.8,Bpos:99.3,Bstd:31.6,StrandBias:-0.4,Multiplicity:1.00
0.100	0.700	0.100	0.100
0.100	0.100	0.100	0.700
0.100	0.100	0.700	0.100
0.700	0.100	0.100	0.100
0.100	0.700	0.100	0.100
0.100	0.100	0.100	0.700
0.700	0.100	0.100	0.100
0.100	0.100	0.700	0.100
0.700	0.100	0.100	0.100
0.100	0.100	0.700	0.100
>GTAGCTAATT	19-GTAGCTAATT	10.296193	-23.123170	0	T:16.0(0.08%),B:4.0(0.01%),P:1e-10	Tpos:104.3,Tstd:54.6,Bpos:111.1,Bstd:49.8,StrandBias:-0.2,Multiplicity:1.00
0.100	0.100	0.700	0.100
0.100	0.100	0.100	0.700
0.700	0.100	0.100	0.100
0.100	0.100	0.700	0.100
0.100	0.700	0.100	0.100
0.100	0.100	0.100	0.700
0.700	0.100	0.100	0.100
0.700	0.100	0.100	0.100
0.100	0.100	0.100	0.700
0.100	0.100	0.100	0.700
>TAGCTGCTAA	20-TAGCTGCTAA	9.923879	-21.111799	0	T:22.0(0.12%),B:7.4(0.02%),P:1e-9	Tpos:118.8,Tstd:52.7,Bpos:85.2,Bstd:26.3,StrandBias:-0.4,Multiplicity:1.00
0.001	0.001	0.001	0.997
0.997	0.001	0.001	0.001
0.001	0.001	0.997	0.001
0.001	0.997	0.001	0.001
0.316	0.001	0.020	0.663
0.001	0.001	0.997	0.001
0.001	0.997	0.001	0.001
0.001	0.001	0.001	0.997
0.997	0.001	0.001	0.001
0.997	0.001	0.001	0.001
>AACACCATAT	21-AACACCATAT	10.296193	-18.778775	0	T:14.0(0.07%),B:3.8(0.01%),P:1e-8	Tpos:114.5,Tstd:46.2,Bpos:104.2,Bstd:58.4,StrandBias:0.6,Multiplicity:1.07
0.700	0.100	0.100	0.100
0.700	0.100	0.100	0.100
0.100	0.700	0.100	0.100
0.700	0.100	0.100	0.100
0.100	0.700	0.100	0.100
0.100	0.700	0.100	0.100
0.700	0.100	0.100	0.100
0.100	0.100	0.100	0.700
0.700	0.100	0.100	0.100
0.100	0.100	0.100	0.700
>AGGCGCATGT	22-AGGCGCATGT	11.551453	-16.902045	0	T:18.0(0.10%),B:6.1(0.02%),P:1e-7	Tpos:101.4,Tstd:46.5,Bpos:133.5,Bstd:43.2,StrandBias:-0.4,Multiplicity:1.00
0.848	0.150	0.001	0.001
0.001	0.001	0.997	0.001
0.001	0.001	0.997	0.001
0.001	0.997	0.001	0.001
0.001	0.319	0.679	0.001
0.001	0.997	0.001	0.001
0.709	0.001	0.145	0.145
0.001	0.001	0.001	0.997
0.145	0.001	0.853	0.001
0.383	0.001	0.001	0.615
>AGAAGGTTCC	23-AGAAGGTTCC	10.296193	-16.056127	0	T:16.0(0.08%),B:5.0(0.02%),P:1e-6	Tpos:103.3,Tstd:39.7,Bpos:145.9,Bstd:47.7,StrandBias:-1.0,Multiplicity:1.00
0.700	0.100	0.100	0.100
0.100	0.100	0.700	0.100
0.700	0.100	0.100	0.100
0.700	0.100	0.100	0.100
0.100	0.100	0.700	0.100
0.100	0.100	0.700	0.100
0.100	0.100	0.100	0.700
0.100	0.100	0.100	0.700
0.100	0.700	0.100	0.100
0.100	0.700	0.100	0.100
>AGCTKRSGCC	24-AGCTKRSGCC	11.122231	-15.854429	0	T:63.0(0.33%),B:51.6(0.16%),P:1e-6	Tpos:97.5,Tstd:52.2,Bpos:100.1,Bstd:56.8,StrandBias:0.2,Multiplicity:1.02
0.758	0.001	0.001	0.240
0.001	0.001	0.997	0.001
0.216	0.782	0.001	0.001
0.001	0.001	0.001	0.997
0.001	0.001	0.465	0.533
0.478	0.001	0.520	0.001
0.001	0.457	0.490	0.052
0.001	0.001	0.997	0.001
0.001	0.997	0.001	0.001
0.001	0.997	0.001	0.001
>GGCCCTTTGA	25-GGCCCTTTGA	10.296193	-14.357422	0	T:15.0(0.08%),B:5.5(0.02%),P:1e-6	Tpos:108.3,Tstd:55.9,Bpos:102.7,Bstd:40.6,StrandBias:-0.2,Multiplicity:1.00
0.100	0.100	0.700	0.100
0.100	0.100	0.700	0.100
0.100	0.700	0.100	0.100
0.100	0.700	0.100	0.100
0.100	0.700	0.100	0.100
0.100	0.100	0.100	0.700
0.100	0.100	0.100	0.700
0.100	0.100	0.100	0.700
0.100	0.100	0.700	0.100
0.700	0.100	0.100	0.100
>ACTTCCTYTTTT	1-ACTTCCTYTTTT	8.918872	-228.267017	0	T:1568.0(8.32%),B:1497.5(4.71%),P:1e-99	Tpos:98.6,Tstd:54.8,Bpos:98.9,Bstd:59.1,StrandBias:0.0,Multiplicity:1.07
0.559	0.101	0.123	0.217
0.023	0.661	0.132	0.184
0.006	0.002	0.001	0.991
0.001	0.001	0.004	0.994
0.001	0.990	0.004	0.005
0.024	0.789	0.001	0.186
0.005	0.357	0.027	0.611
0.085	0.424	0.124	0.367
0.180	0.136	0.005	0.679
0.009	0.047	0.001	0.943
0.021	0.184	0.087	0.708
0.131	0.257	0.117	0.495
>ATGTGTAACCAT	2-ATGTGTAACCAT	11.242651	-89.034800	0	T:40.0(0.21%),B:3.9(0.01%),P:1e-38	Tpos:110.9,Tstd:52.5,Bpos:143.8,Bstd:36.9,StrandBias:0.7,Multiplicity:1.03
0.567	0.116	0.040	0.277
0.001	0.001	0.077	0.921
0.040	0.040	0.919	0.001
0.001	0.001	0.115	0.883
0.177	0.078	0.744	0.001
0.115	0.001	0.001	0.883
0.921	0.001	0.077	0.001
0.883	0.115	0.001	0.001
0.099	0.785	0.115	0.001
0.040	0.766	0.040	0.154
0.997	0.001	0.001	0.001
0.001	0.001	0.228	0.770
>AAARATGAVTCA	3-AAARATGAVTCA	8.968607	-85.285096	0	T:494.0(2.62%),B:443.6(1.40%),P:1e-37	Tpos:102.4,Tstd:54.8,Bpos:101.9,Bstd:58.7,StrandBias:-0.1,Multiplicity:1.02
0.405	0.161	0.215	0.219
0.595	0.158	0.215	0.032
0.657	0.011	0.197	0.135
0.336	0.239	0.412	0.013
0.816	0.033	0.122	0.029
0.033	0.002	0.038	0.927
0.033	0.028	0.921	0.018
0.941	0.023	0.016	0.020
0.260	0.405	0.323	0.011
0.213	0.032	0.008	0.747
0.142	0.634	0.124	0.100
0.945	0.021	0.001	0.033
>AGGGGAAGTCCC	4-AGGGGAAGTCCC	8.486768	-77.116177	0	T:542.0(2.88%),B:519.4(1.63%),P:1e-33	Tpos:95.8,Tstd:55.0,Bpos:102.2,Bstd:61.0,StrandBias:0.1,Multiplicity:1.03
0.675	0.022	0.083	0.220
0.121	0.004	0.829	0.046
0.167	0.004	0.783	0.046
0.124	0.017	0.834	0.025
0.163	0.108	0.719	0.010
0.876	0.076	0.047	0.001
0.803	0.003	0.134	0.060
0.085	0.118	0.730	0.067
0.104	0.133	0.150	0.613
0.091	0.649	0.155	0.105
0.185	0.710	0.003	0.102
0.230	0.641	0.005	0.124
>AAGATTAGCCTC	5-AAGATTAGCCTC	11.333487	-75.424746	0	T:26.0(0.14%),B:1.4(0.00%),P:1e-32	Tpos:84.5,Tstd:54.5,Bpos:62.1,Bstd:29.6,StrandBias:0.2,Multiplicity:1.00
0.941	0.057	0.001	0.001
0.789	0.001	0.152	0.058
0.058	0.058	0.826	0.058
0.997	0.001	0.001	0.001
0.057	0.001	0.001	0.941
0.001	0.057	0.001	0.941
0.883	0.001	0.058	0.058
0.001	0.001	0.997	0.001
0.001	0.941	0.057	0.001
0.152	0.789	0.001	0.058
0.001	0.001	0.001	0.997
0.001	0.997	0.001	0.001
>GTKTCASTTCCT	6-GTKTCASTTCCT	10.106407	-62.717723	0	T:74.0(0.39%),B:25.7(0.08%),P:1e-27	Tpos:105.6,Tstd:58.9,Bpos:106.0,Bstd:65.9,StrandBias:-0.6,Multiplicity:1.00
0.042	0.254	0.624	0.080
0.058	0.063	0.041	0.838
0.098	0.115	0.323	0.464
0.051	0.057	0.206	0.686
0.058	0.814	0.061	0.067
0.578	0.179	0.018	0.225
0.092	0.400	0.284	0.224
0.178	0.176	0.036	0.610
0.173	0.047	0.049	0.731
0.173	0.690	0.072	0.065
0.077	0.868	0.021	0.034
0.266	0.064	0.065	0.605
>TAGGKTTCABTT	7-TAGGKTTCABTT	12.305468	-60.536916	0	T:22.0(0.12%),B:1.6(0.00%),P:1e-26	Tpos:111.5,Tstd:56.3,Bpos:158.1,Bstd:16.3,StrandBias:0.3,Multiplicity:1.00
0.101	0.001	0.001	0.897
0.669	0.001	0.173	0.157
0.001	0.001	0.997	0.001
0.036	0.001	0.962	0.001
0.001	0.037	0.531	0.431
0.067	0.001	0.101	0.831
0.001	0.001	0.001	0.997
0.034	0.898	0.067	0.001
0.931	0.001	0.001	0.067
0.071	0.360	0.260	0.310
0.101	0.001	0.034	0.864
0.001	0.067	0.034	0.898
>CTTGTGAAACTA	8-CTTGTGAAACTA	11.805446	-60.536916	0	T:22.0(0.12%),B:1.8(0.01%),P:1e-26	Tpos:95.5,Tstd:54.9,Bpos:46.3,Bstd:3.7,StrandBias:-0.3,Multiplicity:1.00
0.001	0.997	0.001	0.001
0.063	0.121	0.001	0.815
0.001	0.001	0.001	0.997
0.121	0.001	0.877	0.001
0.001	0.001	0.062	0.936
0.001	0.121	0.877	0.001
0.997	0.001	0.001	0.001
0.877	0.121	0.001	0.001
0.997	0.001	0.001	0.001
0.001	0.997	0.001	0.001
0.121	0.121	0.001	0.757
0.877	0.121	0.001	0.001
>GACCGCATTTTA	9-GACCGCATTTTA	9.575059	-54.882637	0	T:25.0(0.13%),B:2.3(0.01%),P:1e-23	Tpos:110.7,Tstd:42.9,Bpos:56.7,Bstd:28.9,StrandBias:-0.3,Multiplicity:1.00
0.136	0.109	0.642	0.113
0.692	0.100	0.100	0.108
0.124	0.649	0.108	0.119
0.212	0.507	0.084	0.197
0.181	0.143	0.479	0.197
0.109	0.686	0.095	0.110
0.752	0.093	0.047	0.108
0.084	0.091	0.098	0.727
0.072	0.091	0.087	0.750
0.077	0.094	0.076	0.753
0.093	0.115	0.100	0.692
0.670	0.112	0.095	0.123
>ACCACTACCTTG	10-ACCACTACCTTG	12.757193	-51.831658	0	T:24.0(0.13%),B:2.9(0.01%),P:1e-22	Tpos:88.9,Tstd:58.1,Bpos:88.0,Bstd:19.8,StrandBias:-1.0,Multiplicity:1.00
0.790	0.152	0.001	0.057
0.057	0.941	0.001	0.001
0.057	0.941	0.001	0.001
0.885	0.057	0.001	0.057
0.001	0.941	0.057	0.001
0.057	0.272	0.001	0.670
0.941	0.001	0.001	0.057
0.001	0.941	0.001	0.057
0.001	0.997	0.001	0.001
0.001	0.001	0.001	0.997
0.001	0.001	0.001	0.997
0.001	0.001	0.997	0.001
>ATCCCCRTTGGA	11-ATCCCCRTTGGA	11.545496	-49.832158	0	T:19.0(0.10%),B:1.3(0.00%),P:1e-21	Tpos:94.7,Tstd:55.1,Bpos:54.0,Bstd:30.6,StrandBias:-0.5,Multiplicity:1.00
0.876	0.001	0.122	0.001
0.001	0.061	0.123	0.815
0.001	0.925	0.073	0.001
0.061	0.926	0.001	0.012
0.061	0.937	0.001	0.001
0.001	0.624	0.001	0.374
0.372	0.190	0.436	0.001
0.062	0.062	0.012	0.864
0.001	0.073	0.001	0.925
0.001	0.001	0.997	0.001
0.062	0.062	0.814	0.062
0.926	0.001	0.061	0.012
>TGATTGTGCAAT	12-TGATTGTGCAAT	9.257247	-49.811568	0	T:281.0(1.49%),B:251.8(0.79%),P:1e-21	Tpos:98.1,Tstd:54.2,Bpos:106.8,Bstd:59.4,StrandBias:0.3,Multiplicity:1.02
0.077	0.001	0.039	0.883
0.113	0.095	0.716	0.076
0.789	0.091	0.046	0.074
0.060	0.048	0.052	0.840
0.055	0.001	0.071	0.873
0.096	0.116	0.728	0.060
0.098	0.001	0.020	0.881
0.077	0.041	0.861	0.021
0.084	0.822	0.001	0.093
0.937	0.055	0.001	0.007
0.879	0.034	0.014	0.073
0.078	0.080	0.055	0.787
>AAATGCTTTAAA	13-AAATGCTTTAAA	12.082616	-48.890100	0	T:34.0(0.18%),B:6.4(0.02%),P:1e-21	Tpos:103.4,Tstd:53.9,Bpos:112.8,Bstd:49.7,StrandBias:0.7,Multiplicity:1.00
0.997	0.001	0.001	0.001
0.955	0.001	0.043	0.001
0.837	0.001	0.161	0.001
0.001	0.001	0.001	0.997
0.001	0.001	0.997	0.001
0.001	0.997	0.001	0.001
0.001	0.001	0.001	0.997
0.001	0.001	0.001	0.997
0.001	0.001	0.001	0.997
0.955	0.001	0.043	0.001
0.982	0.001	0.016	0.001
0.881	0.001	0.001	0.117
>GCCGTACTGGTG	14-GCCGTACTGGTG	11.267851	-48.821393	0	T:23.0(0.12%),B:2.8(0.01%),P:1e-21	Tpos:101.7,Tstd:53.1,Bpos:116.9,Bstd:19.1,StrandBias:-0.6,Multiplicity:1.00
0.038	0.040	0.882	0.040
0.057	0.827	0.076	0.040
0.151	0.735	0.057	0.057
0.076	0.095	0.681	0.148
0.019	0.219	0.057	0.705
0.770	0.057	0.116	0.057
0.019	0.905	0.057	0.019
0.059	0.038	0.019	0.884
0.001	0.001	0.959	0.039
0.057	0.019	0.810	0.114
0.057	0.001	0.058	0.884
0.001	0.001	0.980	0.018
>CCCTGCGTGTCA	15-CCCTGCGTGTCA	11.147302	-48.000015	0	T:26.0(0.14%),B:3.8(0.01%),P:1e-20	Tpos:106.9,Tstd:56.6,Bpos:98.2,Bstd:35.9,StrandBias:0.2,Multiplicity:1.00
0.066	0.849	0.018	0.067
0.016	0.918	0.033	0.033
0.045	0.921	0.001	0.033
0.076	0.001	0.033	0.890
0.033	0.111	0.807	0.049
0.082	0.781	0.061	0.076
0.109	0.188	0.627	0.076
0.033	0.016	0.066	0.885
0.016	0.066	0.884	0.034
0.093	0.078	0.049	0.780
0.033	0.933	0.001	0.033
0.748	0.143	0.033	0.076
>GGCCCTGKCWGG	16-GGCCCTGKCWGG	7.113011	-47.692794	0	T:1237.0(6.56%),B:1587.0(4.99%),P:1e-20	Tpos:102.4,Tstd:53.6,Bpos:101.3,Bstd:61.5,StrandBias:0.1,Multiplicity:1.11
0.144	0.015	0.537	0.304
0.080	0.173	0.538	0.209
0.054	0.607	0.223	0.116
0.179	0.565	0.027	0.229
0.122	0.660	0.058	0.160
0.373	0.031	0.047	0.549
0.047	0.131	0.721	0.101
0.105	0.198	0.372	0.325
0.072	0.580	0.280	0.068
0.509	0.056	0.035	0.400
0.068	0.003	0.717	0.212
0.151	0.218	0.494	0.136
>AGGAAGGAAGTA	17-AGGAAGGAAGTA	11.824026	-46.077866	0	T:83.0(0.44%),B:41.4(0.13%),P:1e-20	Tpos:99.7,Tstd:50.4,Bpos:95.1,Bstd:53.1,StrandBias:-0.1,Multiplicity:1.00
0.889	0.001	0.109	0.001
0.001	0.001	0.997	0.001
0.080	0.001	0.908	0.011
0.959	0.011	0.029	0.001
0.941	0.001	0.029	0.029
0.001	0.001	0.997	0.001
0.011	0.001	0.959	0.029
0.967	0.011	0.011	0.011
0.959	0.001	0.029	0.011
0.011	0.053	0.925	0.011
0.001	0.128	0.092	0.779
0.766	0.011	0.143	0.080
>TGCKTGCCAGCC	18-TGCKTGCCAGCC	12.800370	-45.853556	0	T:22.0(0.12%),B:2.6(0.01%),P:1e-19	Tpos:111.0,Tstd:58.7,Bpos:69.6,Bstd:20.3,StrandBias:0.1,Multiplicity:1.00
0.001	0.001	0.001	0.997
0.001	0.001	0.997	0.001
0.242	0.686	0.001	0.071
0.101	0.101	0.429	0.368
0.001	0.001	0.001	0.997
0.001	0.100	0.898	0.001
0.001	0.898	0.001	0.100
0.001	0.997	0.001	0.001
0.997	0.001	0.001	0.001
0.001	0.001	0.997	0.001
0.001	0.898	0.100	0.001
0.001	0.997	0.001	0.001
>TAGGCTGTCCAT	19-TAGGCTGTCCAT	10.661658	-45.314467	0	T:25.0(0.13%),B:3.0(0.01%),P:1e-19	Tpos:108.4,Tstd:56.5,Bpos:92.0,Bstd:41.7,StrandBias:-0.8,Multiplicity:1.00
0.092	0.056	0.031	0.821
0.767	0.025	0.135	0.073
0.043	0.025	0.898	0.034
0.082	0.059	0.825	0.034
0.068	0.757	0.099	0.076
0.051	0.016	0.001	0.932
0.008	0.059	0.844	0.089
0.068	0.034	0.090	0.808
0.067	0.793	0.081	0.059
0.042	0.916	0.008	0.034
0.856	0.042	0.026	0.076
0.059	0.067	0.082	0.792
>AAACAGACCAGA	20-AAACAGACCAGA	8.608074	-43.058419	0	T:892.0(4.73%),B:1104.2(3.48%),P:1e-18	Tpos:102.9,Tstd:54.2,Bpos:96.4,Bstd:58.1,StrandBias:0.0,Multiplicity:1.04
0.863	0.056	0.057	0.024
0.721	0.188	0.047	0.044
0.891	0.028	0.053	0.028
0.142	0.584	0.239	0.035
0.944	0.001	0.001	0.054
0.313	0.066	0.573	0.048
0.771	0.079	0.069	0.081
0.264	0.602	0.104	0.030
0.066	0.910	0.001	0.023
0.940	0.001	0.001	0.058
0.115	0.037	0.818	0.030
0.807	0.024	0.093	0.076
>GGAGTGAGCCGT	21-GGAGTGAGCCGT	12.572841	-42.947896	0	T:17.0(0.09%),B:0.7(0.00%),P:1e-18	Tpos:95.9,Tstd:51.4,Bpos:189.0,Bstd:0.0,StrandBias:0.5,Multiplicity:1.00
0.001	0.001	0.907	0.091
0.001	0.001	0.997	0.001
0.997	0.001	0.001	0.001
0.001	0.091	0.907	0.001
0.001	0.091	0.001	0.907
0.001	0.001	0.997	0.001
0.664	0.001	0.334	0.001
0.091	0.001	0.907	0.001
0.001	0.907	0.091	0.001
0.403	0.595	0.001	0.001
0.106	0.001	0.879	0.014
0.001	0.001	0.001	0.997
>CAAGCGGCTGAT	22-CAAGCGGCTGAT	11.284384	-40.052809	0	T:20.0(0.11%),B:2.6(0.01%),P:1e-17	Tpos:98.9,Tstd:60.8,Bpos:96.8,Bstd:32.6,StrandBias:-0.3,Multiplicity:1.00
0.050	0.849	0.067	0.034
0.933	0.033	0.033	0.001
0.797	0.050	0.084	0.069
0.034	0.034	0.898	0.034
0.086	0.724	0.071	0.119
0.186	0.067	0.635	0.112
0.017	0.034	0.899	0.050
0.034	0.898	0.034	0.034
0.128	0.001	0.016	0.855
0.034	0.112	0.837	0.017
0.848	0.052	0.050	0.050
0.034	0.069	0.050	0.847
>STGACTCAGMGG	23-STGACTCAGMGG	13.492594	-29.501065	0	T:21.0(0.11%),B:4.1(0.01%),P:1e-12	Tpos:88.9,Tstd:42.0,Bpos:78.3,Bstd:15.4,StrandBias:0.1,Multiplicity:1.00
0.001	0.457	0.541	0.001
0.001	0.001	0.001	0.997
0.046	0.001	0.952	0.001
0.876	0.001	0.122	0.001
0.001	0.952	0.001	0.046
0.001	0.001	0.001	0.997
0.001	0.997	0.001	0.001
0.997	0.001	0.001	0.001
0.001	0.001	0.997	0.001
0.509	0.487	0.001	0.003
0.001	0.001	0.778	0.220
0.001	0.046	0.952	0.001
>ACGGAGACTGTC	24-ACGGAGACTGTC	9.389438	-26.448644	0	T:15.0(0.08%),B:2.4(0.01%),P:1e-11	Tpos:125.3,Tstd:53.1,Bpos:112.6,Bstd:28.4,StrandBias:0.6,Multiplicity:1.00
0.681	0.106	0.111	0.102
0.168	0.523	0.155	0.154
0.177	0.088	0.563	0.172
0.112	0.113	0.684	0.091
0.718	0.055	0.111	0.116
0.114	0.120	0.676	0.090
0.684	0.113	0.105	0.098
0.108	0.691	0.110	0.091
0.124	0.058	0.060	0.758
0.081	0.120	0.680	0.119
0.092	0.107	0.115	0.686
0.100	0.653	0.137	0.110
>GACCTACCCATC	25-GACCTACCCATC	8.111691	-22.110311	0	T:21.0(0.11%),B:6.5(0.02%),P:1e-9	Tpos:77.4,Tstd:53.5,Bpos:85.8,Bstd:45.1,StrandBias:0.7,Multiplicity:1.00
0.218	0.187	0.544	0.051
0.596	0.144	0.134	0.126
0.137	0.574	0.117	0.172
0.179	0.644	0.001	0.176
0.178	0.177	0.001	0.644
0.531	0.118	0.159	0.192
0.144	0.531	0.200	0.125
0.194	0.558	0.031	0.217
0.190	0.608	0.040	0.162
0.654	0.127	0.037	0.182
0.148	0.137	0.157	0.558
0.184	0.454	0.206	0.156
>GAGGAAGT	1-GAGGAAGT	7.178570	-203.173408	0	T:3448.0(18.29%),B:4173.7(13.14%),P:1e-88	Tpos:99.0,Tstd:55.4,Bpos:98.9,Bstd:59.9,StrandBias:-0.0,Multiplicity:1.13
0.165	0.158	0.676	0.001
0.744	0.001	0.254	0.001
0.001	0.001	0.997	0.001
0.001	0.001	0.997	0.001
0.997	0.001	0.001	0.001
0.997	0.001	0.001	0.001
0.133	0.164	0.702	0.001
0.001	0.279	0.001	0.719
>AAGAGGAA	2-AAGAGGAA	6.932605	-156.559878	0	T:2103.0(11.16%),B:2405.7(7.57%),P:1e-67	Tpos:100.3,Tstd:56.2,Bpos:99.8,Bstd:58.5,StrandBias:-0.0,Multiplicity:1.06
0.997	0.001	0.001	0.001
0.859	0.039	0.001	0.101
0.001	0.194	0.804	0.001
0.787	0.001	0.211	0.001
0.001	0.074	0.924	0.001
0.001	0.001	0.997	0.001
0.997	0.001	0.001	0.001
0.997	0.001	0.001	0.001
>TGACTCAT	3-TGACTCAT	5.651611	-107.452937	0	T:2508.0(13.31%),B:3181.2(10.01%),P:1e-46	Tpos:100.9,Tstd:55.3,Bpos:99.6,Bstd:60.8,StrandBias:0.0,Multiplicity:1.10
0.001	0.001	0.001	0.997
0.001	0.001	0.971	0.027
0.964	0.015	0.020	0.001
0.051	0.685	0.186	0.078
0.001	0.001	0.015	0.983
0.049	0.949	0.001	0.001
0.955	0.022	0.001	0.022
0.034	0.067	0.167	0.732
>CATTTCCT	4-CATTTCCT	9.261433	-102.109023	0	T:1250.0(6.63%),B:1393.3(4.38%),P:1e-44	Tpos:103.4,Tstd:54.9,Bpos:95.6,Bstd:58.7,StrandBias:-0.2,Multiplicity:1.03
0.001	0.997	0.001	0.001
0.997	0.001	0.001	0.001
0.001	0.164	0.217	0.618
0.001	0.001	0.001	0.997
0.001	0.001	0.001	0.997
0.001	0.997	0.001	0.001
0.001	0.997	0.001	0.001
0.001	0.001	0.001	0.997
>TTACRCAA	5-TTACRCAA	5.192514	-61.045525	0	T:5951.0(31.57%),B:8901.0(28.01%),P:1e-26	Tpos:99.0,Tstd:55.8,Bpos:101.4,Bstd:57.8,StrandBias:-0.0,Multiplicity:1.26
0.155	0.012	0.029	0.804
0.013	0.078	0.216	0.693
0.594	0.078	0.101	0.227
0.135	0.528	0.151	0.186
0.458	0.060	0.452	0.031
0.264	0.640	0.095	0.001
0.577	0.280	0.092	0.051
0.846	0.032	0.025	0.097
>TGGTTTCA	6-TGGTTTCA	5.662299	-39.967652	0	T:3477.0(18.45%),B:5116.1(16.10%),P:1e-17	Tpos:101.0,Tstd:55.6,Bpos:99.8,Bstd:58.7,StrandBias:-0.0,Multiplicity:1.10
0.001	0.001	0.021	0.977
0.170	0.066	0.763	0.001
0.055	0.051	0.893	0.001
0.055	0.047	0.001	0.897
0.031	0.042	0.001	0.926
0.089	0.001	0.001	0.909
0.001	0.912	0.001	0.086
0.817	0.068	0.043	0.072
>GCCWGGCC	7-GCCWGGCC	6.460885	-37.457369	0	T:2688.0(14.26%),B:3887.9(12.24%),P:1e-16	Tpos:98.9,Tstd:55.3,Bpos:101.8,Bstd:62.6,StrandBias:-0.0,Multiplicity:1.24
0.001	0.006	0.992	0.001
0.001	0.478	0.327	0.194
0.001	0.721	0.277	0.001
0.539	0.001	0.023	0.437
0.062	0.001	0.936	0.001
0.194	0.166	0.542	0.098
0.001	0.592	0.293	0.114
0.200	0.671	0.001	0.128
>ACGWGGCC	8-ACGWGGCC	5.381178	-34.657627	0	T:4771.0(25.31%),B:7259.0(22.85%),P:1e-15	Tpos:99.0,Tstd:55.4,Bpos:100.2,Bstd:60.6,StrandBias:0.0,Multiplicity:1.25
0.739	0.259	0.001	0.001
0.001	0.800	0.093	0.106
0.107	0.219	0.577	0.097
0.519	0.001	0.103	0.377
0.001	0.057	0.853	0.089
0.031	0.001	0.967	0.001
0.001	0.775	0.126	0.098
0.084	0.914	0.001	0.001
>CGCCACCC	9-CGCCACCC	8.591344	-33.906102	0	T:641.0(3.40%),B:782.1(2.46%),P:1e-14	Tpos:102.7,Tstd:56.3,Bpos:98.1,Bstd:59.7,StrandBias:-0.1,Multiplicity:1.05
0.001	0.761	0.237	0.001
0.001	0.001	0.645	0.353
0.001	0.997	0.001	0.001
0.001	0.997	0.001	0.001
0.997	0.001	0.001	0.001
0.001	0.997	0.001	0.001
0.001	0.997	0.001	0.001
0.001	0.997	0.001	0.001
>TCGAGCAA	10-TCGAGCAA	4.059211	-24.314735	0	T:609.0(3.23%),B:780.8(2.46%),P:1e-10	Tpos:104.7,Tstd:55.4,Bpos:99.7,Bstd:58.9,StrandBias:0.3,Multiplicity:1.03
0.001	0.001	0.001	0.997
0.001	0.900	0.001	0.098
0.001	0.001	0.997	0.001
0.997	0.001	0.001	0.001
0.001	0.001	0.997	0.001
0.306	0.692	0.001	0.001
0.997	0.001	0.001	0.001
0.997	0.001	0.001	0.001
>TGACACGG	11-TGACACGG	6.654772	-22.988084	0	T:706.0(3.75%),B:931.7(2.93%),P:1e-9	Tpos:97.1,Tstd:54.9,Bpos:99.5,Bstd:57.2,StrandBias:-0.1,Multiplicity:1.05
0.102	0.001	0.001	0.896
0.001	0.001	0.912	0.086
0.591	0.001	0.187	0.221
0.001	0.907	0.091	0.001
0.997	0.001	0.001	0.001
0.075	0.881	0.043	0.001
0.001	0.106	0.892	0.001
0.001	0.087	0.811	0.101
>TTCTGCTT	12-TTCTGCTT	8.057289	-20.583790	0	T:613.0(3.25%),B:807.0(2.54%),P:1e-8	Tpos:100.2,Tstd:54.7,Bpos:104.7,Bstd:60.9,StrandBias:-0.0,Multiplicity:1.02
0.001	0.001	0.266	0.732
0.001	0.001	0.001	0.997
0.001	0.997	0.001	0.001
0.001	0.067	0.001	0.931
0.001	0.001	0.997	0.001
0.001	0.997	0.001	0.001
0.001	0.001	0.001	0.997
0.001	0.001	0.001	0.997
>KACAGAGC	13-KACAGAGC	7.057908	-19.691521	0	T:898.0(4.76%),B:1243.7(3.91%),P:1e-8	Tpos:99.8,Tstd:55.0,Bpos:101.0,Bstd:61.7,StrandBias:-0.1,Multiplicity:1.04
0.001	0.001	0.469	0.529
0.936	0.001	0.062	0.001
0.001	0.619	0.001	0.379
0.997	0.001	0.001	0.001
0.001	0.001	0.997	0.001
0.997	0.001	0.001	0.001
0.001	0.001	0.997	0.001
0.001	0.997	0.001	0.001
>CAGCTCAC	14-CAGCTCAC	9.261433	-18.678292	0	T:252.0(1.34%),B:291.0(0.92%),P:1e-8	Tpos:101.6,Tstd:54.3,Bpos:95.0,Bstd:55.2,StrandBias:0.2,Multiplicity:1.03
0.001	0.997	0.001	0.001
0.834	0.001	0.164	0.001
0.001	0.001	0.997	0.001
0.001	0.997	0.001	0.001
0.001	0.001	0.001	0.997
0.001	0.997	0.001	0.001
0.997	0.001	0.001	0.001
0.001	0.997	0.001	0.001
>CCGTAGGT	15-CCGTAGGT	8.236954	-18.178314	0	T:23.0(0.12%),B:9.7(0.03%),P:1e-7	Tpos:100.1,Tstd:58.2,Bpos:107.2,Bstd:33.2,StrandBias:0.7,Multiplicity:1.00
0.100	0.700	0.100	0.100
0.100	0.700	0.100	0.100
0.100	0.100	0.700	0.100
0.100	0.100	0.100	0.700
0.700	0.100	0.100	0.100
0.100	0.100	0.700	0.100
0.100	0.100	0.700	0.100
0.100	0.100	0.100	0.700
>GACGATGC	16-GACGATGC	8.775954	-17.320052	0	T:88.0(0.47%),B:78.4(0.25%),P:1e-7	Tpos:107.3,Tstd:57.2,Bpos:90.3,Bstd:45.2,StrandBias:-0.1,Multiplicity:1.02
0.001	0.001	0.997	0.001
0.776	0.222	0.001	0.001
0.001	0.997	0.001	0.001
0.001	0.001	0.997	0.001
0.838	0.001	0.001	0.160
0.001	0.001	0.190	0.808
0.001	0.001	0.997	0.001
0.001	0.997	0.001	0.001
>CGGATRTT	17-CGGATRTT	7.516405	-16.901720	0	T:110.0(0.58%),B:106.6(0.34%),P:1e-7	Tpos:96.4,Tstd:54.9,Bpos:95.6,Bstd:49.6,StrandBias:-0.4,Multiplicity:1.00
0.001	0.997	0.001	0.001
0.001	0.069	0.929	0.001
0.104	0.095	0.704	0.097
0.997	0.001	0.001	0.001
0.144	0.097	0.001	0.758
0.389	0.001	0.448	0.162
0.001	0.236	0.001	0.762
0.226	0.151	0.192	0.431
>CGTGGTAT	18-CGTGGTAT	9.629627	-15.998253	0	T:45.0(0.24%),B:31.9(0.10%),P:1e-6	Tpos:94.8,Tstd:58.1,Bpos:93.2,Bstd:50.7,StrandBias:0.8,Multiplicity:1.00
0.001	0.997	0.001	0.001
0.001	0.001	0.997	0.001
0.001	0.001	0.001	0.997
0.237	0.001	0.761	0.001
0.001	0.001	0.997	0.001
0.001	0.001	0.001	0.997
0.997	0.001	0.001	0.001
0.001	0.001	0.001	0.997
>ATAGTTCG	19-ATAGTTCG	8.236954	-15.299228	0	T:14.0(0.07%),B:4.6(0.01%),P:1e-6	Tpos:110.6,Tstd:54.0,Bpos:128.6,Bstd:45.6,StrandBias:0.4,Multiplicity:1.00
0.700	0.100	0.100	0.100
0.100	0.100	0.100	0.700
0.700	0.100	0.100	0.100
0.100	0.100	0.700	0.100
0.100	0.100	0.100	0.700
0.100	0.100	0.100	0.700
0.100	0.700	0.100	0.100
0.100	0.100	0.700	0.100
>AGTCCGCC	20-AGTCCGCC	9.284402	-14.808418	0	T:59.0(0.31%),B:48.8(0.15%),P:1e-6	Tpos:96.7,Tstd:58.8,Bpos:96.1,Bstd:47.9,StrandBias:-0.2,Multiplicity:1.00
0.997	0.001	0.001	0.001
0.001	0.001	0.997	0.001
0.001	0.001	0.001	0.997
0.001	0.997	0.001	0.001
0.001	0.781	0.217	0.001
0.001	0.001	0.997	0.001
0.001	0.771	0.001	0.227
0.001	0.997	0.001	0.001
>CCCCATAC	21-CCCCATAC	9.469835	-14.247450	0	T:106.0(0.56%),B:107.1(0.34%),P:1e-6	Tpos:109.1,Tstd:49.6,Bpos:112.3,Bstd:50.3,StrandBias:-0.2,Multiplicity:1.03
0.001	0.997	0.001	0.001
0.001	0.796	0.202	0.001
0.001	0.997	0.001	0.001
0.001	0.997	0.001	0.001
0.997	0.001	0.001	0.001
0.001	0.001	0.001	0.997
0.997	0.001	0.001	0.001
0.001	0.997	0.001	0.001
>GATCCTAC	22-GATCCTAC	8.843698	-12.179109	0	T:62.0(0.33%),B:56.1(0.18%),P:1e-5	Tpos:100.9,Tstd:61.8,Bpos:88.9,Bstd:51.4,StrandBias:0.0,Multiplicity:1.02
0.001	0.001	0.997	0.001
0.997	0.001	0.001	0.001
0.001	0.001	0.001	0.997
0.001	0.997	0.001	0.001
0.001	0.997	0.001	0.001
0.001	0.001	0.108	0.890
0.997	0.001	0.001	0.001
0.001	0.997	0.001	0.001
>CTTAAATA	23-CTTAAATA	7.639717	-12.051164	0	T:1436.0(7.62%),B:2160.7(6.80%),P:1e-5	Tpos:100.1,Tstd:55.1,Bpos:101.7,Bstd:57.0,StrandBias:-0.0,Multiplicity:1.07
0.035	0.732	0.001	0.232
0.001	0.001	0.048	0.950
0.319	0.004	0.006	0.671
0.809	0.001	0.189	0.001
0.993	0.005	0.001	0.001
0.950	0.007	0.039	0.004
0.231	0.013	0.001	0.755
0.781	0.100	0.118	0.001
>CTTTAGTT	24-CTTTAGTT	8.236954	-10.405048	0	T:170.0(0.90%),B:207.9(0.65%),P:1e-4	Tpos:99.0,Tstd:54.3,Bpos:96.1,Bstd:57.7,StrandBias:0.2,Multiplicity:1.01
0.100	0.700	0.100	0.100
0.100	0.100	0.100	0.700
0.100	0.100	0.100	0.700
0.100	0.100	0.100	0.700
0.700	0.100	0.100	0.100
0.100	0.100	0.700	0.100
0.100	0.100	0.100	0.700
0.100	0.100	0.100	0.700
>AAACGTCG	25-AAACGTCG	8.236954	-7.135432	0	T:9.0(0.05%),B:4.9(0.02%),P:1e-3	Tpos:88.9,Tstd:46.1,Bpos:73.0,Bstd:34.7,StrandBias:-1.6,Multiplicity:1.00
0.700	0.100	0.100	0.100
0.700	0.100	0.100	0.100
0.700	0.100	0.100	0.100
0.100	0.700	0.100	0.100
0.100	0.100	0.700	0.100
0.100	0.100	0.100	0.700
0.100	0.700	0.100	0.100
0.100	0.100	0.700	0.100
