>AAGAGGAAST	1-AAGAGGAAST	7.027658	-289.104176	0	T:3263.0(17.31%),B:3627.6(11.42%),P:1e-125	Tpos:98.7,Tstd:55.0,Bpos:99.1,Bstd:59.5,StrandBias:0.1,Multiplicity:1.13
0.555	0.085	0.162	0.198
0.425	0.109	0.198	0.268
0.254	0.219	0.486	0.042
0.538	0.025	0.378	0.059
0.104	0.016	0.867	0.013
0.001	0.001	0.997	0.001
0.951	0.001	0.032	0.016
0.933	0.015	0.001	0.051
0.196	0.369	0.399	0.037
0.109	0.270	0.085	0.536
>ATGASTCABY	2-ATGASTCABY	7.439082	-129.506155	0	T:1211.0(6.42%),B:1262.7(3.97%),P:1e-56	Tpos:100.5,Tstd:54.9,Bpos:100.1,Bstd:61.2,StrandBias:-0.0,Multiplicity:1.06
0.449	0.255	0.258	0.038
0.001	0.002	0.001	0.996
0.071	0.001	0.919	0.009
0.997	0.001	0.001	0.001
0.155	0.369	0.315	0.161
0.138	0.001	0.001	0.860
0.235	0.707	0.057	0.001
0.874	0.086	0.001	0.039
0.118	0.280	0.259	0.343
0.173	0.323	0.105	0.399
>TTGCVYAATC	3-TTGCVYAATC	6.586621	-79.941000	0	T:2650.0(14.06%),B:3534.3(11.12%),P:1e-34	Tpos:100.2,Tstd:54.7,Bpos:102.2,Bstd:56.6,StrandBias:0.0,Multiplicity:1.10
0.001	0.001	0.001	0.997
0.001	0.001	0.054	0.944
0.229	0.114	0.488	0.169
0.225	0.438	0.065	0.272
0.358	0.213	0.347	0.081
0.144	0.361	0.017	0.478
0.846	0.152	0.001	0.001
0.924	0.074	0.001	0.001
0.034	0.052	0.030	0.884
0.151	0.496	0.187	0.166
>CATAGGCCGT	4-CATAGGCCGT	10.109916	-53.482548	0	T:28.0(0.15%),B:3.7(0.01%),P:1e-23	Tpos:93.1,Tstd:50.1,Bpos:74.3,Bstd:60.8,StrandBias:0.4,Multiplicity:1.08
0.092	0.815	0.001	0.092
0.815	0.092	0.092	0.001
0.001	0.001	0.001	0.997
0.997	0.001	0.001	0.001
0.242	0.092	0.665	0.001
0.002	0.001	0.996	0.001
0.001	0.812	0.186	0.001
0.001	0.907	0.091	0.001
0.001	0.001	0.800	0.198
0.091	0.001	0.001	0.907
>ACTTCCTGTG	5-ACTTCCTGTG	9.437824	-39.813413	0	T:333.0(1.77%),B:338.5(1.07%),P:1e-17	Tpos:100.2,Tstd:56.3,Bpos:97.4,Bstd:61.3,StrandBias:-0.3,Multiplicity:1.03
0.623	0.266	0.075	0.036
0.001	0.867	0.066	0.066
0.001	0.032	0.001	0.966
0.041	0.001	0.050	0.908
0.001	0.924	0.074	0.001
0.048	0.941	0.010	0.001
0.025	0.001	0.028	0.946
0.001	0.001	0.965	0.033
0.001	0.001	0.034	0.964
0.001	0.001	0.997	0.001
>GCCCAACGGA	6-GCCCAACGGA	10.208947	-37.498554	0	T:22.0(0.12%),B:3.6(0.01%),P:1e-16	Tpos:100.7,Tstd:55.5,Bpos:117.1,Bstd:34.2,StrandBias:0.4,Multiplicity:1.00
0.001	0.001	0.997	0.001
0.112	0.775	0.001	0.112
0.409	0.589	0.001	0.001
0.001	0.886	0.001	0.112
0.997	0.001	0.001	0.001
0.886	0.112	0.001	0.001
0.001	0.997	0.001	0.001
0.139	0.001	0.859	0.001
0.001	0.001	0.589	0.409
0.997	0.001	0.001	0.001
>CCTATGTGAT	7-CCTATGTGAT	10.260351	-36.291997	0	T:15.0(0.08%),B:1.2(0.00%),P:1e-15	Tpos:99.2,Tstd:51.7,Bpos:8.0,Bstd:0.0,StrandBias:0.4,Multiplicity:1.00
0.001	0.997	0.001	0.001
0.001	0.997	0.001	0.001
0.001	0.001	0.001	0.997
0.997	0.001	0.001	0.001
0.001	0.028	0.001	0.970
0.001	0.001	0.997	0.001
0.001	0.001	0.001	0.997
0.001	0.001	0.997	0.001
0.997	0.001	0.001	0.001
0.001	0.001	0.001	0.997
>CAAAGTCGAT	8-CAAAGTCGAT	10.279962	-34.419830	0	T:31.0(0.16%),B:8.8(0.03%),P:1e-14	Tpos:94.0,Tstd:54.0,Bpos:101.9,Bstd:55.6,StrandBias:0.6,Multiplicity:1.00
0.001	0.913	0.085	0.001
0.913	0.001	0.001	0.085
0.997	0.001	0.001	0.001
0.913	0.001	0.001	0.085
0.001	0.028	0.970	0.001
0.001	0.406	0.001	0.592
0.001	0.997	0.001	0.001
0.001	0.001	0.894	0.104
0.771	0.227	0.001	0.001
0.001	0.001	0.001	0.997
>ACCGCATGGG	9-ACCGCATGGG	10.238233	-33.679142	0	T:25.0(0.13%),B:5.1(0.02%),P:1e-14	Tpos:89.8,Tstd:45.8,Bpos:51.5,Bstd:36.2,StrandBias:0.0,Multiplicity:1.00
0.997	0.001	0.001	0.001
0.001	0.997	0.001	0.001
0.001	0.838	0.160	0.001
0.269	0.001	0.729	0.001
0.001	0.997	0.001	0.001
0.838	0.001	0.001	0.160
0.001	0.160	0.001	0.838
0.160	0.160	0.679	0.001
0.001	0.251	0.747	0.001
0.001	0.001	0.997	0.001
>AGGCCAGGCC	10-AGGCCAGGCC	5.017854	-31.608442	0	T:4177.0(22.16%),B:6331.8(19.93%),P:1e-13	Tpos:98.5,Tstd:55.0,Bpos:101.0,Bstd:61.2,StrandBias:0.0,Multiplicity:1.36
0.683	0.072	0.136	0.109
0.115	0.071	0.719	0.095
0.118	0.129	0.657	0.096
0.096	0.699	0.111	0.094
0.104	0.714	0.077	0.105
0.716	0.074	0.075	0.135
0.094	0.081	0.697	0.128
0.087	0.098	0.733	0.082
0.089	0.689	0.102	0.120
0.102	0.694	0.075	0.129
>ATGGTAGTTG	11-ATGGTAGTTG	11.403288	-31.565008	0	T:40.0(0.21%),B:15.3(0.05%),P:1e-13	Tpos:97.6,Tstd:45.6,Bpos:103.3,Bstd:53.7,StrandBias:0.1,Multiplicity:1.00
0.656	0.119	0.001	0.224
0.001	0.001	0.137	0.861
0.001	0.001	0.997	0.001
0.001	0.001	0.997	0.001
0.001	0.001	0.001	0.997
0.984	0.014	0.001	0.001
0.001	0.001	0.997	0.001
0.001	0.001	0.001	0.997
0.001	0.014	0.001	0.984
0.001	0.001	0.997	0.001
>ACCAGGTGAT	12-ACCAGGTGAT	10.296193	-29.055592	0	T:16.0(0.08%),B:2.9(0.01%),P:1e-12	Tpos:102.5,Tstd:57.3,Bpos:62.3,Bstd:56.5,StrandBias:-0.2,Multiplicity:1.00
0.700	0.100	0.100	0.100
0.100	0.700	0.100	0.100
0.100	0.700	0.100	0.100
0.700	0.100	0.100	0.100
0.100	0.100	0.700	0.100
0.100	0.100	0.700	0.100
0.100	0.100	0.100	0.700
0.100	0.100	0.700	0.100
0.700	0.100	0.100	0.100
0.100	0.100	0.100	0.700
>GGGCAAGGTT	13-GGGCAAGGTT	11.204813	-29.055592	0	T:16.0(0.08%),B:2.7(0.01%),P:1e-12	Tpos:91.2,Tstd:56.1,Bpos:160.0,Bstd:33.7,StrandBias:0.0,Multiplicity:1.00
0.001	0.001	0.997	0.001
0.001	0.001	0.997	0.001
0.001	0.001	0.997	0.001
0.001	0.997	0.001	0.001
0.926	0.001	0.072	0.001
0.997	0.001	0.001	0.001
0.001	0.001	0.997	0.001
0.001	0.001	0.997	0.001
0.001	0.001	0.001	0.997
0.001	0.001	0.001	0.997
>GCAAAGACTG	14-GCAAAGACTG	10.296193	-27.388782	0	T:22.0(0.12%),B:5.3(0.02%),P:1e-11	Tpos:89.9,Tstd:47.9,Bpos:102.0,Bstd:63.3,StrandBias:-0.7,Multiplicity:1.00
0.100	0.100	0.700	0.100
0.100	0.700	0.100	0.100
0.700	0.100	0.100	0.100
0.700	0.100	0.100	0.100
0.700	0.100	0.100	0.100
0.100	0.100	0.700	0.100
0.700	0.100	0.100	0.100
0.100	0.700	0.100	0.100
0.100	0.100	0.100	0.700
0.100	0.100	0.700	0.100
>GCCTGGCCTC	15-GCCTGGCCTC	6.482584	-26.334042	0	T:543.0(2.88%),B:674.5(2.12%),P:1e-11	Tpos:91.0,Tstd:57.3,Bpos:93.2,Bstd:61.7,StrandBias:-0.5,Multiplicity:1.00
0.197	0.124	0.584	0.095
0.123	0.467	0.204	0.206
0.143	0.536	0.149	0.172
0.155	0.098	0.094	0.653
0.205	0.122	0.595	0.078
0.215	0.119	0.517	0.149
0.125	0.473	0.160	0.243
0.155	0.579	0.098	0.168
0.282	0.142	0.107	0.469
0.041	0.901	0.003	0.055
>AGCAAGTCTA	16-AGCAAGTCTA	12.003321	-26.258706	0	T:31.0(0.16%),B:11.7(0.04%),P:1e-11	Tpos:88.6,Tstd:61.3,Bpos:125.1,Bstd:70.8,StrandBias:-0.5,Multiplicity:1.00
0.997	0.001	0.001	0.001
0.001	0.001	0.997	0.001
0.001	0.838	0.160	0.001
0.997	0.001	0.001	0.001
0.997	0.001	0.001	0.001
0.001	0.001	0.997	0.001
0.001	0.001	0.001	0.997
0.001	0.997	0.001	0.001
0.001	0.001	0.001	0.997
0.997	0.001	0.001	0.001
>TGTGTTACAG	17-TGTGTTACAG	10.296193	-25.377468	0	T:21.0(0.11%),B:5.8(0.02%),P:1e-11	Tpos:116.8,Tstd:45.0,Bpos:91.2,Bstd:59.4,StrandBias:-0.7,Multiplicity:1.00
0.100	0.100	0.100	0.700
0.100	0.100	0.700	0.100
0.100	0.100	0.100	0.700
0.100	0.100	0.700	0.100
0.100	0.100	0.100	0.700
0.100	0.100	0.100	0.700
0.700	0.100	0.100	0.100
0.100	0.700	0.100	0.100
0.700	0.100	0.100	0.100
0.100	0.100	0.700	0.100
>CTGACTAGAG	18-CTGACTAGAG	10.296193	-23.905652	0	T:14.0(0.07%),B:2.9(0.01%),P:1e-10	Tpos:88.7,Tstd:62.8,Bpos:99.3,Bstd:31.6,StrandBias:-0.4,Multiplicity:1.00
0.100	0.700	0.100	0.100
0.100	0.100	0.100	0.700
0.100	0.100	0.700	0.100
0.700	0.100	0.100	0.100
0.100	0.700	0.100	0.100
0.100	0.100	0.100	0.700
0.700	0.100	0.100	0.100
0.100	0.100	0.700	0.100
0.700	0.100	0.100	0.100
0.100	0.100	0.700	0.100
>GTAGCTAATT	19-GTAGCTAATT	10.296193	-23.123170	0	T:16.0(0.08%),B:4.0(0.01%),P:1e-10	Tpos:104.3,Tstd:54.6,Bpos:111.1,Bstd:49.8,StrandBias:-0.2,Multiplicity:1.00
0.100	0.100	0.700	0.100
0.100	0.100	0.100	0.700
0.700	0.100	0.100	0.100
0.100	0.100	0.700	0.100
0.100	0.700	0.100	0.100
0.100	0.100	0.100	0.700
0.700	0.100	0.100	0.100
0.700	0.100	0.100	0.100
0.100	0.100	0.100	0.700
0.100	0.100	0.100	0.700
>TAGCTGCTAA	20-TAGCTGCTAA	9.923879	-21.111799	0	T:22.0(0.12%),B:7.4(0.02%),P:1e-9	Tpos:118.8,Tstd:52.7,Bpos:85.2,Bstd:26.3,StrandBias:-0.4,Multiplicity:1.00
0.001	0.001	0.001	0.997
0.997	0.001	0.001	0.001
0.001	0.001	0.997	0.001
0.001	0.997	0.001	0.001
0.316	0.001	0.020	0.663
0.001	0.001	0.997	0.001
0.001	0.997	0.001	0.001
0.001	0.001	0.001	0.997
0.997	0.001	0.001	0.001
0.997	0.001	0.001	0.001
>AACACCATAT	21-AACACCATAT	10.296193	-18.778775	0	T:14.0(0.07%),B:3.8(0.01%),P:1e-8	Tpos:114.5,Tstd:46.2,Bpos:104.2,Bstd:58.4,StrandBias:0.6,Multiplicity:1.07
0.700	0.100	0.100	0.100
0.700	0.100	0.100	0.100
0.100	0.700	0.100	0.100
0.700	0.100	0.100	0.100
0.100	0.700	0.100	0.100
0.100	0.700	0.100	0.100
0.700	0.100	0.100	0.100
0.100	0.100	0.100	0.700
0.700	0.100	0.100	0.100
0.100	0.100	0.100	0.700
>AGGCGCATGT	22-AGGCGCATGT	11.551453	-16.902045	0	T:18.0(0.10%),B:6.1(0.02%),P:1e-7	Tpos:101.4,Tstd:46.5,Bpos:133.5,Bstd:43.2,StrandBias:-0.4,Multiplicity:1.00
0.848	0.150	0.001	0.001
0.001	0.001	0.997	0.001
0.001	0.001	0.997	0.001
0.001	0.997	0.001	0.001
0.001	0.319	0.679	0.001
0.001	0.997	0.001	0.001
0.709	0.001	0.145	0.145
0.001	0.001	0.001	0.997
0.145	0.001	0.853	0.001
0.383	0.001	0.001	0.615
>AGAAGGTTCC	23-AGAAGGTTCC	10.296193	-16.056127	0	T:16.0(0.08%),B:5.0(0.02%),P:1e-6	Tpos:103.3,Tstd:39.7,Bpos:145.9,Bstd:47.7,StrandBias:-1.0,Multiplicity:1.00
0.700	0.100	0.100	0.100
0.100	0.100	0.700	0.100
0.700	0.100	0.100	0.100
0.700	0.100	0.100	0.100
0.100	0.100	0.700	0.100
0.100	0.100	0.700	0.100
0.100	0.100	0.100	0.700
0.100	0.100	0.100	0.700
0.100	0.700	0.100	0.100
0.100	0.700	0.100	0.100
>AGCTKRSGCC	24-AGCTKRSGCC	11.122231	-15.854429	0	T:63.0(0.33%),B:51.6(0.16%),P:1e-6	Tpos:97.5,Tstd:52.2,Bpos:100.1,Bstd:56.8,StrandBias:0.2,Multiplicity:1.02
0.758	0.001	0.001	0.240
0.001	0.001	0.997	0.001
0.216	0.782	0.001	0.001
0.001	0.001	0.001	0.997
0.001	0.001	0.465	0.533
0.478	0.001	0.520	0.001
0.001	0.457	0.490	0.052
0.001	0.001	0.997	0.001
0.001	0.997	0.001	0.001
0.001	0.997	0.001	0.001
>GGCCCTTTGA	25-GGCCCTTTGA	10.296193	-14.357422	0	T:15.0(0.08%),B:5.5(0.02%),P:1e-6	Tpos:108.3,Tstd:55.9,Bpos:102.7,Bstd:40.6,StrandBias:-0.2,Multiplicity:1.00
0.100	0.100	0.700	0.100
0.100	0.100	0.700	0.100
0.100	0.700	0.100	0.100
0.100	0.700	0.100	0.100
0.100	0.700	0.100	0.100
0.100	0.100	0.100	0.700
0.100	0.100	0.100	0.700
0.100	0.100	0.100	0.700
0.100	0.100	0.700	0.100
0.700	0.100	0.100	0.100
