>GAGGAAGT	1-GAGGAAGT	7.178570	-203.173408	0	T:3448.0(18.29%),B:4173.7(13.14%),P:1e-88	Tpos:99.0,Tstd:55.4,Bpos:98.9,Bstd:59.9,StrandBias:-0.0,Multiplicity:1.13
0.165	0.158	0.676	0.001
0.744	0.001	0.254	0.001
0.001	0.001	0.997	0.001
0.001	0.001	0.997	0.001
0.997	0.001	0.001	0.001
0.997	0.001	0.001	0.001
0.133	0.164	0.702	0.001
0.001	0.279	0.001	0.719
>AAGAGGAA	2-AAGAGGAA	6.932605	-156.559878	0	T:2103.0(11.16%),B:2405.7(7.57%),P:1e-67	Tpos:100.3,Tstd:56.2,Bpos:99.8,Bstd:58.5,StrandBias:-0.0,Multiplicity:1.06
0.997	0.001	0.001	0.001
0.859	0.039	0.001	0.101
0.001	0.194	0.804	0.001
0.787	0.001	0.211	0.001
0.001	0.074	0.924	0.001
0.001	0.001	0.997	0.001
0.997	0.001	0.001	0.001
0.997	0.001	0.001	0.001
>TGACTCAT	3-TGACTCAT	5.651611	-107.452937	0	T:2508.0(13.31%),B:3181.2(10.01%),P:1e-46	Tpos:100.9,Tstd:55.3,Bpos:99.6,Bstd:60.8,StrandBias:0.0,Multiplicity:1.10
0.001	0.001	0.001	0.997
0.001	0.001	0.971	0.027
0.964	0.015	0.020	0.001
0.051	0.685	0.186	0.078
0.001	0.001	0.015	0.983
0.049	0.949	0.001	0.001
0.955	0.022	0.001	0.022
0.034	0.067	0.167	0.732
>CATTTCCT	4-CATTTCCT	9.261433	-102.109023	0	T:1250.0(6.63%),B:1393.3(4.38%),P:1e-44	Tpos:103.4,Tstd:54.9,Bpos:95.6,Bstd:58.7,StrandBias:-0.2,Multiplicity:1.03
0.001	0.997	0.001	0.001
0.997	0.001	0.001	0.001
0.001	0.164	0.217	0.618
0.001	0.001	0.001	0.997
0.001	0.001	0.001	0.997
0.001	0.997	0.001	0.001
0.001	0.997	0.001	0.001
0.001	0.001	0.001	0.997
>TTACRCAA	5-TTACRCAA	5.192514	-61.045525	0	T:5951.0(31.57%),B:8901.0(28.01%),P:1e-26	Tpos:99.0,Tstd:55.8,Bpos:101.4,Bstd:57.8,StrandBias:-0.0,Multiplicity:1.26
0.155	0.012	0.029	0.804
0.013	0.078	0.216	0.693
0.594	0.078	0.101	0.227
0.135	0.528	0.151	0.186
0.458	0.060	0.452	0.031
0.264	0.640	0.095	0.001
0.577	0.280	0.092	0.051
0.846	0.032	0.025	0.097
>TGGTTTCA	6-TGGTTTCA	5.662299	-39.967652	0	T:3477.0(18.45%),B:5116.1(16.10%),P:1e-17	Tpos:101.0,Tstd:55.6,Bpos:99.8,Bstd:58.7,StrandBias:-0.0,Multiplicity:1.10
0.001	0.001	0.021	0.977
0.170	0.066	0.763	0.001
0.055	0.051	0.893	0.001
0.055	0.047	0.001	0.897
0.031	0.042	0.001	0.926
0.089	0.001	0.001	0.909
0.001	0.912	0.001	0.086
0.817	0.068	0.043	0.072
>GCCWGGCC	7-GCCWGGCC	6.460885	-37.457369	0	T:2688.0(14.26%),B:3887.9(12.24%),P:1e-16	Tpos:98.9,Tstd:55.3,Bpos:101.8,Bstd:62.6,StrandBias:-0.0,Multiplicity:1.24
0.001	0.006	0.992	0.001
0.001	0.478	0.327	0.194
0.001	0.721	0.277	0.001
0.539	0.001	0.023	0.437
0.062	0.001	0.936	0.001
0.194	0.166	0.542	0.098
0.001	0.592	0.293	0.114
0.200	0.671	0.001	0.128
>ACGWGGCC	8-ACGWGGCC	5.381178	-34.657627	0	T:4771.0(25.31%),B:7259.0(22.85%),P:1e-15	Tpos:99.0,Tstd:55.4,Bpos:100.2,Bstd:60.6,StrandBias:0.0,Multiplicity:1.25
0.739	0.259	0.001	0.001
0.001	0.800	0.093	0.106
0.107	0.219	0.577	0.097
0.519	0.001	0.103	0.377
0.001	0.057	0.853	0.089
0.031	0.001	0.967	0.001
0.001	0.775	0.126	0.098
0.084	0.914	0.001	0.001
>CGCCACCC	9-CGCCACCC	8.591344	-33.906102	0	T:641.0(3.40%),B:782.1(2.46%),P:1e-14	Tpos:102.7,Tstd:56.3,Bpos:98.1,Bstd:59.7,StrandBias:-0.1,Multiplicity:1.05
0.001	0.761	0.237	0.001
0.001	0.001	0.645	0.353
0.001	0.997	0.001	0.001
0.001	0.997	0.001	0.001
0.997	0.001	0.001	0.001
0.001	0.997	0.001	0.001
0.001	0.997	0.001	0.001
0.001	0.997	0.001	0.001
>TCGAGCAA	10-TCGAGCAA	4.059211	-24.314735	0	T:609.0(3.23%),B:780.8(2.46%),P:1e-10	Tpos:104.7,Tstd:55.4,Bpos:99.7,Bstd:58.9,StrandBias:0.3,Multiplicity:1.03
0.001	0.001	0.001	0.997
0.001	0.900	0.001	0.098
0.001	0.001	0.997	0.001
0.997	0.001	0.001	0.001
0.001	0.001	0.997	0.001
0.306	0.692	0.001	0.001
0.997	0.001	0.001	0.001
0.997	0.001	0.001	0.001
>TGACACGG	11-TGACACGG	6.654772	-22.988084	0	T:706.0(3.75%),B:931.7(2.93%),P:1e-9	Tpos:97.1,Tstd:54.9,Bpos:99.5,Bstd:57.2,StrandBias:-0.1,Multiplicity:1.05
0.102	0.001	0.001	0.896
0.001	0.001	0.912	0.086
0.591	0.001	0.187	0.221
0.001	0.907	0.091	0.001
0.997	0.001	0.001	0.001
0.075	0.881	0.043	0.001
0.001	0.106	0.892	0.001
0.001	0.087	0.811	0.101
>TTCTGCTT	12-TTCTGCTT	8.057289	-20.583790	0	T:613.0(3.25%),B:807.0(2.54%),P:1e-8	Tpos:100.2,Tstd:54.7,Bpos:104.7,Bstd:60.9,StrandBias:-0.0,Multiplicity:1.02
0.001	0.001	0.266	0.732
0.001	0.001	0.001	0.997
0.001	0.997	0.001	0.001
0.001	0.067	0.001	0.931
0.001	0.001	0.997	0.001
0.001	0.997	0.001	0.001
0.001	0.001	0.001	0.997
0.001	0.001	0.001	0.997
>KACAGAGC	13-KACAGAGC	7.057908	-19.691521	0	T:898.0(4.76%),B:1243.7(3.91%),P:1e-8	Tpos:99.8,Tstd:55.0,Bpos:101.0,Bstd:61.7,StrandBias:-0.1,Multiplicity:1.04
0.001	0.001	0.469	0.529
0.936	0.001	0.062	0.001
0.001	0.619	0.001	0.379
0.997	0.001	0.001	0.001
0.001	0.001	0.997	0.001
0.997	0.001	0.001	0.001
0.001	0.001	0.997	0.001
0.001	0.997	0.001	0.001
>CAGCTCAC	14-CAGCTCAC	9.261433	-18.678292	0	T:252.0(1.34%),B:291.0(0.92%),P:1e-8	Tpos:101.6,Tstd:54.3,Bpos:95.0,Bstd:55.2,StrandBias:0.2,Multiplicity:1.03
0.001	0.997	0.001	0.001
0.834	0.001	0.164	0.001
0.001	0.001	0.997	0.001
0.001	0.997	0.001	0.001
0.001	0.001	0.001	0.997
0.001	0.997	0.001	0.001
0.997	0.001	0.001	0.001
0.001	0.997	0.001	0.001
>CCGTAGGT	15-CCGTAGGT	8.236954	-18.178314	0	T:23.0(0.12%),B:9.7(0.03%),P:1e-7	Tpos:100.1,Tstd:58.2,Bpos:107.2,Bstd:33.2,StrandBias:0.7,Multiplicity:1.00
0.100	0.700	0.100	0.100
0.100	0.700	0.100	0.100
0.100	0.100	0.700	0.100
0.100	0.100	0.100	0.700
0.700	0.100	0.100	0.100
0.100	0.100	0.700	0.100
0.100	0.100	0.700	0.100
0.100	0.100	0.100	0.700
>GACGATGC	16-GACGATGC	8.775954	-17.320052	0	T:88.0(0.47%),B:78.4(0.25%),P:1e-7	Tpos:107.3,Tstd:57.2,Bpos:90.3,Bstd:45.2,StrandBias:-0.1,Multiplicity:1.02
0.001	0.001	0.997	0.001
0.776	0.222	0.001	0.001
0.001	0.997	0.001	0.001
0.001	0.001	0.997	0.001
0.838	0.001	0.001	0.160
0.001	0.001	0.190	0.808
0.001	0.001	0.997	0.001
0.001	0.997	0.001	0.001
>CGGATRTT	17-CGGATRTT	7.516405	-16.901720	0	T:110.0(0.58%),B:106.6(0.34%),P:1e-7	Tpos:96.4,Tstd:54.9,Bpos:95.6,Bstd:49.6,StrandBias:-0.4,Multiplicity:1.00
0.001	0.997	0.001	0.001
0.001	0.069	0.929	0.001
0.104	0.095	0.704	0.097
0.997	0.001	0.001	0.001
0.144	0.097	0.001	0.758
0.389	0.001	0.448	0.162
0.001	0.236	0.001	0.762
0.226	0.151	0.192	0.431
>CGTGGTAT	18-CGTGGTAT	9.629627	-15.998253	0	T:45.0(0.24%),B:31.9(0.10%),P:1e-6	Tpos:94.8,Tstd:58.1,Bpos:93.2,Bstd:50.7,StrandBias:0.8,Multiplicity:1.00
0.001	0.997	0.001	0.001
0.001	0.001	0.997	0.001
0.001	0.001	0.001	0.997
0.237	0.001	0.761	0.001
0.001	0.001	0.997	0.001
0.001	0.001	0.001	0.997
0.997	0.001	0.001	0.001
0.001	0.001	0.001	0.997
>ATAGTTCG	19-ATAGTTCG	8.236954	-15.299228	0	T:14.0(0.07%),B:4.6(0.01%),P:1e-6	Tpos:110.6,Tstd:54.0,Bpos:128.6,Bstd:45.6,StrandBias:0.4,Multiplicity:1.00
0.700	0.100	0.100	0.100
0.100	0.100	0.100	0.700
0.700	0.100	0.100	0.100
0.100	0.100	0.700	0.100
0.100	0.100	0.100	0.700
0.100	0.100	0.100	0.700
0.100	0.700	0.100	0.100
0.100	0.100	0.700	0.100
>AGTCCGCC	20-AGTCCGCC	9.284402	-14.808418	0	T:59.0(0.31%),B:48.8(0.15%),P:1e-6	Tpos:96.7,Tstd:58.8,Bpos:96.1,Bstd:47.9,StrandBias:-0.2,Multiplicity:1.00
0.997	0.001	0.001	0.001
0.001	0.001	0.997	0.001
0.001	0.001	0.001	0.997
0.001	0.997	0.001	0.001
0.001	0.781	0.217	0.001
0.001	0.001	0.997	0.001
0.001	0.771	0.001	0.227
0.001	0.997	0.001	0.001
>CCCCATAC	21-CCCCATAC	9.469835	-14.247450	0	T:106.0(0.56%),B:107.1(0.34%),P:1e-6	Tpos:109.1,Tstd:49.6,Bpos:112.3,Bstd:50.3,StrandBias:-0.2,Multiplicity:1.03
0.001	0.997	0.001	0.001
0.001	0.796	0.202	0.001
0.001	0.997	0.001	0.001
0.001	0.997	0.001	0.001
0.997	0.001	0.001	0.001
0.001	0.001	0.001	0.997
0.997	0.001	0.001	0.001
0.001	0.997	0.001	0.001
>GATCCTAC	22-GATCCTAC	8.843698	-12.179109	0	T:62.0(0.33%),B:56.1(0.18%),P:1e-5	Tpos:100.9,Tstd:61.8,Bpos:88.9,Bstd:51.4,StrandBias:0.0,Multiplicity:1.02
0.001	0.001	0.997	0.001
0.997	0.001	0.001	0.001
0.001	0.001	0.001	0.997
0.001	0.997	0.001	0.001
0.001	0.997	0.001	0.001
0.001	0.001	0.108	0.890
0.997	0.001	0.001	0.001
0.001	0.997	0.001	0.001
>CTTAAATA	23-CTTAAATA	7.639717	-12.051164	0	T:1436.0(7.62%),B:2160.7(6.80%),P:1e-5	Tpos:100.1,Tstd:55.1,Bpos:101.7,Bstd:57.0,StrandBias:-0.0,Multiplicity:1.07
0.035	0.732	0.001	0.232
0.001	0.001	0.048	0.950
0.319	0.004	0.006	0.671
0.809	0.001	0.189	0.001
0.993	0.005	0.001	0.001
0.950	0.007	0.039	0.004
0.231	0.013	0.001	0.755
0.781	0.100	0.118	0.001
>CTTTAGTT	24-CTTTAGTT	8.236954	-10.405048	0	T:170.0(0.90%),B:207.9(0.65%),P:1e-4	Tpos:99.0,Tstd:54.3,Bpos:96.1,Bstd:57.7,StrandBias:0.2,Multiplicity:1.01
0.100	0.700	0.100	0.100
0.100	0.100	0.100	0.700
0.100	0.100	0.100	0.700
0.100	0.100	0.100	0.700
0.700	0.100	0.100	0.100
0.100	0.100	0.700	0.100
0.100	0.100	0.100	0.700
0.100	0.100	0.100	0.700
>AAACGTCG	25-AAACGTCG	8.236954	-7.135432	0	T:9.0(0.05%),B:4.9(0.02%),P:1e-3	Tpos:88.9,Tstd:46.1,Bpos:73.0,Bstd:34.7,StrandBias:-1.6,Multiplicity:1.00
0.700	0.100	0.100	0.100
0.700	0.100	0.100	0.100
0.700	0.100	0.100	0.100
0.100	0.700	0.100	0.100
0.100	0.100	0.700	0.100
0.100	0.100	0.100	0.700
0.100	0.700	0.100	0.100
0.100	0.100	0.700	0.100
